Goal State: 
1	2	3	4	5	6	
7	8	9	10	11	12	
13	14	15	16	17	18	
19	20	21	22	23	24	
25	26	27	28	29	30	
31	32	33	34	35	 	

Initial State:
1	2	3	11	4	6	
7	8	9	10	5	18	
13	14	15	 	12	16	
19	20	21	23	17	24	
25	26	27	22	29	30	
31	32	33	28	34	35	

Solution Found
Nodes Expanded: 4395
Depth: 4484
SOUTH, SOUTH, SOUTH, EAST, EAST, NORTH, NORTH, NORTH, WEST, SOUTH, EAST, NORTH, NORTH, WEST, SOUTH, WEST, SOUTH, EAST, NORTH, NORTH, EAST, SOUTH, SOUTH, WEST, WEST, NORTH, EAST, SOUTH, EAST, NORTH, NORTH, WEST, SOUTH, WEST, NORTH, NORTH, EAST, EAST, SOUTH, WEST, WEST, SOUTH, EAST, EAST, NORTH, NORTH, WEST, SOUTH, EAST, SOUTH, WEST, NORTH, EAST, SOUTH, SOUTH, SOUTH, WEST, NORTH, NORTH, NORTH, EAST, SOUTH, WEST, SOUTH, SOUTH, EAST, NORTH, NORTH, WEST, NORTH, NORTH, EAST, SOUTH, SOUTH, WEST, WEST, NORTH, EAST, EAST, NORTH, WEST, SOUTH, WEST, SOUTH, SOUTH, EAST, EAST, SOUTH, SOUTH, WEST, NORTH, NORTH, WEST, SOUTH, EAST, NORTH, WEST, NORTH, EAST, SOUTH, SOUTH, SOUTH, EAST, NORTH, NORTH, WEST, NORTH, WEST, SOUTH, SOUTH, EAST, NORTH, EAST, SOUTH, SOUTH, WEST, NORTH, WEST, SOUTH, EAST, EAST, NORTH, WEST, WEST, SOUTH, EAST, NORTH, EAST, SOUTH, WEST, WEST, NORTH, EAST, SOUTH, EAST, NORTH, WEST, WEST, SOUTH, EAST, EAST, NORTH, NORTH, WEST, SOUTH, SOUTH, EAST, NORTH, WEST, NORTH, EAST, NORTH, WEST, WEST, SOUTH, EAST, NORTH, EAST, SOUTH, SOUTH, SOUTH, WEST, NORTH, EAST, NORTH, WEST, SOUTH, SOUTH, EAST, NORTH, NORTH, WEST, SOUTH, EAST, SOUTH, WEST, NORTH, NORTH, WEST, SOUTH, SOUTH, EAST, EAST, NORTH, WEST, WEST, SOUTH, EAST, NORTH, EAST, SOUTH, WEST, NORTH, WEST, NORTH, EAST, SOUTH, SOUTH, WEST, NORTH, NORTH, EAST, SOUTH, WEST, SOUTH, EAST, EAST, NORTH, WEST, NORTH, EAST, SOUTH, SOUTH, WEST, NORTH, NORTH, EAST, SOUTH, WEST, SOUTH, EAST, NORTH, NORTH, WEST, SOUTH, SOUTH, WEST, NORTH, EAST, NORTH, EAST, SOUTH, SOUTH, WEST, WEST, NORTH, EAST, EAST, NORTH, WEST, SOUTH, WEST, SOUTH, EAST, EAST, NORTH, NORTH, WEST, SOUTH, EAST, SOUTH, WEST, WEST, NORTH, EAST, SOUTH, WEST, NORTH, EAST, NORTH, WEST, SOUTH, SOUTH, EAST, NORTH, WEST, NORTH, EAST, SOUTH, SOUTH, EAST, 
Processing Solution....

Action: SOUTH
1	2	3	11	4	6	
7	8	9	10	5	18	
13	14	15	23	12	16	
19	20	21	 	17	24	
25	26	27	22	29	30	
31	32	33	28	34	35	


Action: SOUTH
1	2	3	11	4	6	
7	8	9	10	5	18	
13	14	15	23	12	16	
19	20	21	22	17	24	
25	26	27	 	29	30	
31	32	33	28	34	35	


Action: SOUTH
1	2	3	11	4	6	
7	8	9	10	5	18	
13	14	15	23	12	16	
19	20	21	22	17	24	
25	26	27	28	29	30	
31	32	33	 	34	35	


Action: EAST
1	2	3	11	4	6	
7	8	9	10	5	18	
13	14	15	23	12	16	
19	20	21	22	17	24	
25	26	27	28	29	30	
31	32	33	34	 	35	


Action: EAST
1	2	3	11	4	6	
7	8	9	10	5	18	
13	14	15	23	12	16	
19	20	21	22	17	24	
25	26	27	28	29	30	
31	32	33	34	35	 	


Action: NORTH
1	2	3	11	4	6	
7	8	9	10	5	18	
13	14	15	23	12	16	
19	20	21	22	17	24	
25	26	27	28	29	 	
31	32	33	34	35	30	


Action: NORTH
1	2	3	11	4	6	
7	8	9	10	5	18	
13	14	15	23	12	16	
19	20	21	22	17	 	
25	26	27	28	29	24	
31	32	33	34	35	30	


Action: NORTH
1	2	3	11	4	6	
7	8	9	10	5	18	
13	14	15	23	12	 	
19	20	21	22	17	16	
25	26	27	28	29	24	
31	32	33	34	35	30	


Action: WEST
1	2	3	11	4	6	
7	8	9	10	5	18	
13	14	15	23	 	12	
19	20	21	22	17	16	
25	26	27	28	29	24	
31	32	33	34	35	30	


Action: SOUTH
1	2	3	11	4	6	
7	8	9	10	5	18	
13	14	15	23	17	12	
19	20	21	22	 	16	
25	26	27	28	29	24	
31	32	33	34	35	30	


Action: EAST
1	2	3	11	4	6	
7	8	9	10	5	18	
13	14	15	23	17	12	
19	20	21	22	16	 	
25	26	27	28	29	24	
31	32	33	34	35	30	


Action: NORTH
1	2	3	11	4	6	
7	8	9	10	5	18	
13	14	15	23	17	 	
19	20	21	22	16	12	
25	26	27	28	29	24	
31	32	33	34	35	30	


Action: NORTH
1	2	3	11	4	6	
7	8	9	10	5	 	
13	14	15	23	17	18	
19	20	21	22	16	12	
25	26	27	28	29	24	
31	32	33	34	35	30	


Action: WEST
1	2	3	11	4	6	
7	8	9	10	 	5	
13	14	15	23	17	18	
19	20	21	22	16	12	
25	26	27	28	29	24	
31	32	33	34	35	30	


Action: SOUTH
1	2	3	11	4	6	
7	8	9	10	17	5	
13	14	15	23	 	18	
19	20	21	22	16	12	
25	26	27	28	29	24	
31	32	33	34	35	30	


Action: WEST
1	2	3	11	4	6	
7	8	9	10	17	5	
13	14	15	 	23	18	
19	20	21	22	16	12	
25	26	27	28	29	24	
31	32	33	34	35	30	


Action: SOUTH
1	2	3	11	4	6	
7	8	9	10	17	5	
13	14	15	22	23	18	
19	20	21	 	16	12	
25	26	27	28	29	24	
31	32	33	34	35	30	


Action: EAST
1	2	3	11	4	6	
7	8	9	10	17	5	
13	14	15	22	23	18	
19	20	21	16	 	12	
25	26	27	28	29	24	
31	32	33	34	35	30	


Action: NORTH
1	2	3	11	4	6	
7	8	9	10	17	5	
13	14	15	22	 	18	
19	20	21	16	23	12	
25	26	27	28	29	24	
31	32	33	34	35	30	


Action: NORTH
1	2	3	11	4	6	
7	8	9	10	 	5	
13	14	15	22	17	18	
19	20	21	16	23	12	
25	26	27	28	29	24	
31	32	33	34	35	30	


Action: EAST
1	2	3	11	4	6	
7	8	9	10	5	 	
13	14	15	22	17	18	
19	20	21	16	23	12	
25	26	27	28	29	24	
31	32	33	34	35	30	


Action: SOUTH
1	2	3	11	4	6	
7	8	9	10	5	18	
13	14	15	22	17	 	
19	20	21	16	23	12	
25	26	27	28	29	24	
31	32	33	34	35	30	


Action: SOUTH
1	2	3	11	4	6	
7	8	9	10	5	18	
13	14	15	22	17	12	
19	20	21	16	23	 	
25	26	27	28	29	24	
31	32	33	34	35	30	


Action: WEST
1	2	3	11	4	6	
7	8	9	10	5	18	
13	14	15	22	17	12	
19	20	21	16	 	23	
25	26	27	28	29	24	
31	32	33	34	35	30	


Action: WEST
1	2	3	11	4	6	
7	8	9	10	5	18	
13	14	15	22	17	12	
19	20	21	 	16	23	
25	26	27	28	29	24	
31	32	33	34	35	30	


Action: NORTH
1	2	3	11	4	6	
7	8	9	10	5	18	
13	14	15	 	17	12	
19	20	21	22	16	23	
25	26	27	28	29	24	
31	32	33	34	35	30	


Action: EAST
1	2	3	11	4	6	
7	8	9	10	5	18	
13	14	15	17	 	12	
19	20	21	22	16	23	
25	26	27	28	29	24	
31	32	33	34	35	30	


Action: SOUTH
1	2	3	11	4	6	
7	8	9	10	5	18	
13	14	15	17	16	12	
19	20	21	22	 	23	
25	26	27	28	29	24	
31	32	33	34	35	30	


Action: EAST
1	2	3	11	4	6	
7	8	9	10	5	18	
13	14	15	17	16	12	
19	20	21	22	23	 	
25	26	27	28	29	24	
31	32	33	34	35	30	


Action: NORTH
1	2	3	11	4	6	
7	8	9	10	5	18	
13	14	15	17	16	 	
19	20	21	22	23	12	
25	26	27	28	29	24	
31	32	33	34	35	30	


Action: NORTH
1	2	3	11	4	6	
7	8	9	10	5	 	
13	14	15	17	16	18	
19	20	21	22	23	12	
25	26	27	28	29	24	
31	32	33	34	35	30	


Action: WEST
1	2	3	11	4	6	
7	8	9	10	 	5	
13	14	15	17	16	18	
19	20	21	22	23	12	
25	26	27	28	29	24	
31	32	33	34	35	30	


Action: SOUTH
1	2	3	11	4	6	
7	8	9	10	16	5	
13	14	15	17	 	18	
19	20	21	22	23	12	
25	26	27	28	29	24	
31	32	33	34	35	30	


Action: WEST
1	2	3	11	4	6	
7	8	9	10	16	5	
13	14	15	 	17	18	
19	20	21	22	23	12	
25	26	27	28	29	24	
31	32	33	34	35	30	


Action: NORTH
1	2	3	11	4	6	
7	8	9	 	16	5	
13	14	15	10	17	18	
19	20	21	22	23	12	
25	26	27	28	29	24	
31	32	33	34	35	30	


Action: NORTH
1	2	3	 	4	6	
7	8	9	11	16	5	
13	14	15	10	17	18	
19	20	21	22	23	12	
25	26	27	28	29	24	
31	32	33	34	35	30	


Action: EAST
1	2	3	4	 	6	
7	8	9	11	16	5	
13	14	15	10	17	18	
19	20	21	22	23	12	
25	26	27	28	29	24	
31	32	33	34	35	30	


Action: EAST
1	2	3	4	6	 	
7	8	9	11	16	5	
13	14	15	10	17	18	
19	20	21	22	23	12	
25	26	27	28	29	24	
31	32	33	34	35	30	


Action: SOUTH
1	2	3	4	6	5	
7	8	9	11	16	 	
13	14	15	10	17	18	
19	20	21	22	23	12	
25	26	27	28	29	24	
31	32	33	34	35	30	


Action: WEST
1	2	3	4	6	5	
7	8	9	11	 	16	
13	14	15	10	17	18	
19	20	21	22	23	12	
25	26	27	28	29	24	
31	32	33	34	35	30	


Action: WEST
1	2	3	4	6	5	
7	8	9	 	11	16	
13	14	15	10	17	18	
19	20	21	22	23	12	
25	26	27	28	29	24	
31	32	33	34	35	30	


Action: SOUTH
1	2	3	4	6	5	
7	8	9	10	11	16	
13	14	15	 	17	18	
19	20	21	22	23	12	
25	26	27	28	29	24	
31	32	33	34	35	30	


Action: EAST
1	2	3	4	6	5	
7	8	9	10	11	16	
13	14	15	17	 	18	
19	20	21	22	23	12	
25	26	27	28	29	24	
31	32	33	34	35	30	


Action: EAST
1	2	3	4	6	5	
7	8	9	10	11	16	
13	14	15	17	18	 	
19	20	21	22	23	12	
25	26	27	28	29	24	
31	32	33	34	35	30	


Action: NORTH
1	2	3	4	6	5	
7	8	9	10	11	 	
13	14	15	17	18	16	
19	20	21	22	23	12	
25	26	27	28	29	24	
31	32	33	34	35	30	


Action: NORTH
1	2	3	4	6	 	
7	8	9	10	11	5	
13	14	15	17	18	16	
19	20	21	22	23	12	
25	26	27	28	29	24	
31	32	33	34	35	30	


Action: WEST
1	2	3	4	 	6	
7	8	9	10	11	5	
13	14	15	17	18	16	
19	20	21	22	23	12	
25	26	27	28	29	24	
31	32	33	34	35	30	


Action: SOUTH
1	2	3	4	11	6	
7	8	9	10	 	5	
13	14	15	17	18	16	
19	20	21	22	23	12	
25	26	27	28	29	24	
31	32	33	34	35	30	


Action: EAST
1	2	3	4	11	6	
7	8	9	10	5	 	
13	14	15	17	18	16	
19	20	21	22	23	12	
25	26	27	28	29	24	
31	32	33	34	35	30	


Action: SOUTH
1	2	3	4	11	6	
7	8	9	10	5	16	
13	14	15	17	18	 	
19	20	21	22	23	12	
25	26	27	28	29	24	
31	32	33	34	35	30	


Action: WEST
1	2	3	4	11	6	
7	8	9	10	5	16	
13	14	15	17	 	18	
19	20	21	22	23	12	
25	26	27	28	29	24	
31	32	33	34	35	30	


Action: NORTH
1	2	3	4	11	6	
7	8	9	10	 	16	
13	14	15	17	5	18	
19	20	21	22	23	12	
25	26	27	28	29	24	
31	32	33	34	35	30	


Action: EAST
1	2	3	4	11	6	
7	8	9	10	16	 	
13	14	15	17	5	18	
19	20	21	22	23	12	
25	26	27	28	29	24	
31	32	33	34	35	30	


Action: SOUTH
1	2	3	4	11	6	
7	8	9	10	16	18	
13	14	15	17	5	 	
19	20	21	22	23	12	
25	26	27	28	29	24	
31	32	33	34	35	30	


Action: SOUTH
1	2	3	4	11	6	
7	8	9	10	16	18	
13	14	15	17	5	12	
19	20	21	22	23	 	
25	26	27	28	29	24	
31	32	33	34	35	30	


Action: SOUTH
1	2	3	4	11	6	
7	8	9	10	16	18	
13	14	15	17	5	12	
19	20	21	22	23	24	
25	26	27	28	29	 	
31	32	33	34	35	30	


Action: WEST
1	2	3	4	11	6	
7	8	9	10	16	18	
13	14	15	17	5	12	
19	20	21	22	23	24	
25	26	27	28	 	29	
31	32	33	34	35	30	


Action: NORTH
1	2	3	4	11	6	
7	8	9	10	16	18	
13	14	15	17	5	12	
19	20	21	22	 	24	
25	26	27	28	23	29	
31	32	33	34	35	30	


Action: NORTH
1	2	3	4	11	6	
7	8	9	10	16	18	
13	14	15	17	 	12	
19	20	21	22	5	24	
25	26	27	28	23	29	
31	32	33	34	35	30	


Action: NORTH
1	2	3	4	11	6	
7	8	9	10	 	18	
13	14	15	17	16	12	
19	20	21	22	5	24	
25	26	27	28	23	29	
31	32	33	34	35	30	


Action: EAST
1	2	3	4	11	6	
7	8	9	10	18	 	
13	14	15	17	16	12	
19	20	21	22	5	24	
25	26	27	28	23	29	
31	32	33	34	35	30	


Action: SOUTH
1	2	3	4	11	6	
7	8	9	10	18	12	
13	14	15	17	16	 	
19	20	21	22	5	24	
25	26	27	28	23	29	
31	32	33	34	35	30	


Action: WEST
1	2	3	4	11	6	
7	8	9	10	18	12	
13	14	15	17	 	16	
19	20	21	22	5	24	
25	26	27	28	23	29	
31	32	33	34	35	30	


Action: SOUTH
1	2	3	4	11	6	
7	8	9	10	18	12	
13	14	15	17	5	16	
19	20	21	22	 	24	
25	26	27	28	23	29	
31	32	33	34	35	30	


Action: SOUTH
1	2	3	4	11	6	
7	8	9	10	18	12	
13	14	15	17	5	16	
19	20	21	22	23	24	
25	26	27	28	 	29	
31	32	33	34	35	30	


Action: EAST
1	2	3	4	11	6	
7	8	9	10	18	12	
13	14	15	17	5	16	
19	20	21	22	23	24	
25	26	27	28	29	 	
31	32	33	34	35	30	


Action: NORTH
1	2	3	4	11	6	
7	8	9	10	18	12	
13	14	15	17	5	16	
19	20	21	22	23	 	
25	26	27	28	29	24	
31	32	33	34	35	30	


Action: NORTH
1	2	3	4	11	6	
7	8	9	10	18	12	
13	14	15	17	5	 	
19	20	21	22	23	16	
25	26	27	28	29	24	
31	32	33	34	35	30	


Action: WEST
1	2	3	4	11	6	
7	8	9	10	18	12	
13	14	15	17	 	5	
19	20	21	22	23	16	
25	26	27	28	29	24	
31	32	33	34	35	30	


Action: NORTH
1	2	3	4	11	6	
7	8	9	10	 	12	
13	14	15	17	18	5	
19	20	21	22	23	16	
25	26	27	28	29	24	
31	32	33	34	35	30	


Action: NORTH
1	2	3	4	 	6	
7	8	9	10	11	12	
13	14	15	17	18	5	
19	20	21	22	23	16	
25	26	27	28	29	24	
31	32	33	34	35	30	


Action: EAST
1	2	3	4	6	 	
7	8	9	10	11	12	
13	14	15	17	18	5	
19	20	21	22	23	16	
25	26	27	28	29	24	
31	32	33	34	35	30	


Action: SOUTH
1	2	3	4	6	12	
7	8	9	10	11	 	
13	14	15	17	18	5	
19	20	21	22	23	16	
25	26	27	28	29	24	
31	32	33	34	35	30	


Action: SOUTH
1	2	3	4	6	12	
7	8	9	10	11	5	
13	14	15	17	18	 	
19	20	21	22	23	16	
25	26	27	28	29	24	
31	32	33	34	35	30	


Action: WEST
1	2	3	4	6	12	
7	8	9	10	11	5	
13	14	15	17	 	18	
19	20	21	22	23	16	
25	26	27	28	29	24	
31	32	33	34	35	30	


Action: WEST
1	2	3	4	6	12	
7	8	9	10	11	5	
13	14	15	 	17	18	
19	20	21	22	23	16	
25	26	27	28	29	24	
31	32	33	34	35	30	


Action: NORTH
1	2	3	4	6	12	
7	8	9	 	11	5	
13	14	15	10	17	18	
19	20	21	22	23	16	
25	26	27	28	29	24	
31	32	33	34	35	30	


Action: EAST
1	2	3	4	6	12	
7	8	9	11	 	5	
13	14	15	10	17	18	
19	20	21	22	23	16	
25	26	27	28	29	24	
31	32	33	34	35	30	


Action: EAST
1	2	3	4	6	12	
7	8	9	11	5	 	
13	14	15	10	17	18	
19	20	21	22	23	16	
25	26	27	28	29	24	
31	32	33	34	35	30	


Action: NORTH
1	2	3	4	6	 	
7	8	9	11	5	12	
13	14	15	10	17	18	
19	20	21	22	23	16	
25	26	27	28	29	24	
31	32	33	34	35	30	


Action: WEST
1	2	3	4	 	6	
7	8	9	11	5	12	
13	14	15	10	17	18	
19	20	21	22	23	16	
25	26	27	28	29	24	
31	32	33	34	35	30	


Action: SOUTH
1	2	3	4	5	6	
7	8	9	11	 	12	
13	14	15	10	17	18	
19	20	21	22	23	16	
25	26	27	28	29	24	
31	32	33	34	35	30	


Action: WEST
1	2	3	4	5	6	
7	8	9	 	11	12	
13	14	15	10	17	18	
19	20	21	22	23	16	
25	26	27	28	29	24	
31	32	33	34	35	30	


Action: SOUTH
1	2	3	4	5	6	
7	8	9	10	11	12	
13	14	15	 	17	18	
19	20	21	22	23	16	
25	26	27	28	29	24	
31	32	33	34	35	30	


Action: SOUTH
1	2	3	4	5	6	
7	8	9	10	11	12	
13	14	15	22	17	18	
19	20	21	 	23	16	
25	26	27	28	29	24	
31	32	33	34	35	30	


Action: EAST
1	2	3	4	5	6	
7	8	9	10	11	12	
13	14	15	22	17	18	
19	20	21	23	 	16	
25	26	27	28	29	24	
31	32	33	34	35	30	


Action: EAST
1	2	3	4	5	6	
7	8	9	10	11	12	
13	14	15	22	17	18	
19	20	21	23	16	 	
25	26	27	28	29	24	
31	32	33	34	35	30	


Action: SOUTH
1	2	3	4	5	6	
7	8	9	10	11	12	
13	14	15	22	17	18	
19	20	21	23	16	24	
25	26	27	28	29	 	
31	32	33	34	35	30	


Action: SOUTH
1	2	3	4	5	6	
7	8	9	10	11	12	
13	14	15	22	17	18	
19	20	21	23	16	24	
25	26	27	28	29	30	
31	32	33	34	35	 	


Action: WEST
1	2	3	4	5	6	
7	8	9	10	11	12	
13	14	15	22	17	18	
19	20	21	23	16	24	
25	26	27	28	29	30	
31	32	33	34	 	35	


Action: NORTH
1	2	3	4	5	6	
7	8	9	10	11	12	
13	14	15	22	17	18	
19	20	21	23	16	24	
25	26	27	28	 	30	
31	32	33	34	29	35	


Action: NORTH
1	2	3	4	5	6	
7	8	9	10	11	12	
13	14	15	22	17	18	
19	20	21	23	 	24	
25	26	27	28	16	30	
31	32	33	34	29	35	


Action: WEST
1	2	3	4	5	6	
7	8	9	10	11	12	
13	14	15	22	17	18	
19	20	21	 	23	24	
25	26	27	28	16	30	
31	32	33	34	29	35	


Action: SOUTH
1	2	3	4	5	6	
7	8	9	10	11	12	
13	14	15	22	17	18	
19	20	21	28	23	24	
25	26	27	 	16	30	
31	32	33	34	29	35	


Action: EAST
1	2	3	4	5	6	
7	8	9	10	11	12	
13	14	15	22	17	18	
19	20	21	28	23	24	
25	26	27	16	 	30	
31	32	33	34	29	35	


Action: NORTH
1	2	3	4	5	6	
7	8	9	10	11	12	
13	14	15	22	17	18	
19	20	21	28	 	24	
25	26	27	16	23	30	
31	32	33	34	29	35	


Action: WEST
1	2	3	4	5	6	
7	8	9	10	11	12	
13	14	15	22	17	18	
19	20	21	 	28	24	
25	26	27	16	23	30	
31	32	33	34	29	35	


Action: NORTH
1	2	3	4	5	6	
7	8	9	10	11	12	
13	14	15	 	17	18	
19	20	21	22	28	24	
25	26	27	16	23	30	
31	32	33	34	29	35	


Action: EAST
1	2	3	4	5	6	
7	8	9	10	11	12	
13	14	15	17	 	18	
19	20	21	22	28	24	
25	26	27	16	23	30	
31	32	33	34	29	35	


Action: SOUTH
1	2	3	4	5	6	
7	8	9	10	11	12	
13	14	15	17	28	18	
19	20	21	22	 	24	
25	26	27	16	23	30	
31	32	33	34	29	35	


Action: SOUTH
1	2	3	4	5	6	
7	8	9	10	11	12	
13	14	15	17	28	18	
19	20	21	22	23	24	
25	26	27	16	 	30	
31	32	33	34	29	35	


Action: SOUTH
1	2	3	4	5	6	
7	8	9	10	11	12	
13	14	15	17	28	18	
19	20	21	22	23	24	
25	26	27	16	29	30	
31	32	33	34	 	35	


Action: EAST
1	2	3	4	5	6	
7	8	9	10	11	12	
13	14	15	17	28	18	
19	20	21	22	23	24	
25	26	27	16	29	30	
31	32	33	34	35	 	


Action: NORTH
1	2	3	4	5	6	
7	8	9	10	11	12	
13	14	15	17	28	18	
19	20	21	22	23	24	
25	26	27	16	29	 	
31	32	33	34	35	30	


Action: NORTH
1	2	3	4	5	6	
7	8	9	10	11	12	
13	14	15	17	28	18	
19	20	21	22	23	 	
25	26	27	16	29	24	
31	32	33	34	35	30	


Action: WEST
1	2	3	4	5	6	
7	8	9	10	11	12	
13	14	15	17	28	18	
19	20	21	22	 	23	
25	26	27	16	29	24	
31	32	33	34	35	30	


Action: NORTH
1	2	3	4	5	6	
7	8	9	10	11	12	
13	14	15	17	 	18	
19	20	21	22	28	23	
25	26	27	16	29	24	
31	32	33	34	35	30	


Action: WEST
1	2	3	4	5	6	
7	8	9	10	11	12	
13	14	15	 	17	18	
19	20	21	22	28	23	
25	26	27	16	29	24	
31	32	33	34	35	30	


Action: SOUTH
1	2	3	4	5	6	
7	8	9	10	11	12	
13	14	15	22	17	18	
19	20	21	 	28	23	
25	26	27	16	29	24	
31	32	33	34	35	30	


Action: SOUTH
1	2	3	4	5	6	
7	8	9	10	11	12	
13	14	15	22	17	18	
19	20	21	16	28	23	
25	26	27	 	29	24	
31	32	33	34	35	30	


Action: EAST
1	2	3	4	5	6	
7	8	9	10	11	12	
13	14	15	22	17	18	
19	20	21	16	28	23	
25	26	27	29	 	24	
31	32	33	34	35	30	


Action: NORTH
1	2	3	4	5	6	
7	8	9	10	11	12	
13	14	15	22	17	18	
19	20	21	16	 	23	
25	26	27	29	28	24	
31	32	33	34	35	30	


Action: EAST
1	2	3	4	5	6	
7	8	9	10	11	12	
13	14	15	22	17	18	
19	20	21	16	23	 	
25	26	27	29	28	24	
31	32	33	34	35	30	


Action: SOUTH
1	2	3	4	5	6	
7	8	9	10	11	12	
13	14	15	22	17	18	
19	20	21	16	23	24	
25	26	27	29	28	 	
31	32	33	34	35	30	


Action: SOUTH
1	2	3	4	5	6	
7	8	9	10	11	12	
13	14	15	22	17	18	
19	20	21	16	23	24	
25	26	27	29	28	30	
31	32	33	34	35	 	


Action: WEST
1	2	3	4	5	6	
7	8	9	10	11	12	
13	14	15	22	17	18	
19	20	21	16	23	24	
25	26	27	29	28	30	
31	32	33	34	 	35	


Action: NORTH
1	2	3	4	5	6	
7	8	9	10	11	12	
13	14	15	22	17	18	
19	20	21	16	23	24	
25	26	27	29	 	30	
31	32	33	34	28	35	


Action: WEST
1	2	3	4	5	6	
7	8	9	10	11	12	
13	14	15	22	17	18	
19	20	21	16	23	24	
25	26	27	 	29	30	
31	32	33	34	28	35	


Action: SOUTH
1	2	3	4	5	6	
7	8	9	10	11	12	
13	14	15	22	17	18	
19	20	21	16	23	24	
25	26	27	34	29	30	
31	32	33	 	28	35	


Action: EAST
1	2	3	4	5	6	
7	8	9	10	11	12	
13	14	15	22	17	18	
19	20	21	16	23	24	
25	26	27	34	29	30	
31	32	33	28	 	35	


Action: EAST
1	2	3	4	5	6	
7	8	9	10	11	12	
13	14	15	22	17	18	
19	20	21	16	23	24	
25	26	27	34	29	30	
31	32	33	28	35	 	


Action: NORTH
1	2	3	4	5	6	
7	8	9	10	11	12	
13	14	15	22	17	18	
19	20	21	16	23	24	
25	26	27	34	29	 	
31	32	33	28	35	30	


Action: WEST
1	2	3	4	5	6	
7	8	9	10	11	12	
13	14	15	22	17	18	
19	20	21	16	23	24	
25	26	27	34	 	29	
31	32	33	28	35	30	


Action: WEST
1	2	3	4	5	6	
7	8	9	10	11	12	
13	14	15	22	17	18	
19	20	21	16	23	24	
25	26	27	 	34	29	
31	32	33	28	35	30	


Action: SOUTH
1	2	3	4	5	6	
7	8	9	10	11	12	
13	14	15	22	17	18	
19	20	21	16	23	24	
25	26	27	28	34	29	
31	32	33	 	35	30	


Action: EAST
1	2	3	4	5	6	
7	8	9	10	11	12	
13	14	15	22	17	18	
19	20	21	16	23	24	
25	26	27	28	34	29	
31	32	33	35	 	30	


Action: NORTH
1	2	3	4	5	6	
7	8	9	10	11	12	
13	14	15	22	17	18	
19	20	21	16	23	24	
25	26	27	28	 	29	
31	32	33	35	34	30	


Action: EAST
1	2	3	4	5	6	
7	8	9	10	11	12	
13	14	15	22	17	18	
19	20	21	16	23	24	
25	26	27	28	29	 	
31	32	33	35	34	30	


Action: SOUTH
1	2	3	4	5	6	
7	8	9	10	11	12	
13	14	15	22	17	18	
19	20	21	16	23	24	
25	26	27	28	29	30	
31	32	33	35	34	 	


Action: WEST
1	2	3	4	5	6	
7	8	9	10	11	12	
13	14	15	22	17	18	
19	20	21	16	23	24	
25	26	27	28	29	30	
31	32	33	35	 	34	


Action: WEST
1	2	3	4	5	6	
7	8	9	10	11	12	
13	14	15	22	17	18	
19	20	21	16	23	24	
25	26	27	28	29	30	
31	32	33	 	35	34	


Action: NORTH
1	2	3	4	5	6	
7	8	9	10	11	12	
13	14	15	22	17	18	
19	20	21	16	23	24	
25	26	27	 	29	30	
31	32	33	28	35	34	


Action: EAST
1	2	3	4	5	6	
7	8	9	10	11	12	
13	14	15	22	17	18	
19	20	21	16	23	24	
25	26	27	29	 	30	
31	32	33	28	35	34	


Action: SOUTH
1	2	3	4	5	6	
7	8	9	10	11	12	
13	14	15	22	17	18	
19	20	21	16	23	24	
25	26	27	29	35	30	
31	32	33	28	 	34	


Action: EAST
1	2	3	4	5	6	
7	8	9	10	11	12	
13	14	15	22	17	18	
19	20	21	16	23	24	
25	26	27	29	35	30	
31	32	33	28	34	 	


Action: NORTH
1	2	3	4	5	6	
7	8	9	10	11	12	
13	14	15	22	17	18	
19	20	21	16	23	24	
25	26	27	29	35	 	
31	32	33	28	34	30	


Action: WEST
1	2	3	4	5	6	
7	8	9	10	11	12	
13	14	15	22	17	18	
19	20	21	16	23	24	
25	26	27	29	 	35	
31	32	33	28	34	30	


Action: WEST
1	2	3	4	5	6	
7	8	9	10	11	12	
13	14	15	22	17	18	
19	20	21	16	23	24	
25	26	27	 	29	35	
31	32	33	28	34	30	


Action: SOUTH
1	2	3	4	5	6	
7	8	9	10	11	12	
13	14	15	22	17	18	
19	20	21	16	23	24	
25	26	27	28	29	35	
31	32	33	 	34	30	


Action: EAST
1	2	3	4	5	6	
7	8	9	10	11	12	
13	14	15	22	17	18	
19	20	21	16	23	24	
25	26	27	28	29	35	
31	32	33	34	 	30	


Action: EAST
1	2	3	4	5	6	
7	8	9	10	11	12	
13	14	15	22	17	18	
19	20	21	16	23	24	
25	26	27	28	29	35	
31	32	33	34	30	 	


Action: NORTH
1	2	3	4	5	6	
7	8	9	10	11	12	
13	14	15	22	17	18	
19	20	21	16	23	24	
25	26	27	28	29	 	
31	32	33	34	30	35	


Action: NORTH
1	2	3	4	5	6	
7	8	9	10	11	12	
13	14	15	22	17	18	
19	20	21	16	23	 	
25	26	27	28	29	24	
31	32	33	34	30	35	


Action: WEST
1	2	3	4	5	6	
7	8	9	10	11	12	
13	14	15	22	17	18	
19	20	21	16	 	23	
25	26	27	28	29	24	
31	32	33	34	30	35	


Action: SOUTH
1	2	3	4	5	6	
7	8	9	10	11	12	
13	14	15	22	17	18	
19	20	21	16	29	23	
25	26	27	28	 	24	
31	32	33	34	30	35	


Action: SOUTH
1	2	3	4	5	6	
7	8	9	10	11	12	
13	14	15	22	17	18	
19	20	21	16	29	23	
25	26	27	28	30	24	
31	32	33	34	 	35	


Action: EAST
1	2	3	4	5	6	
7	8	9	10	11	12	
13	14	15	22	17	18	
19	20	21	16	29	23	
25	26	27	28	30	24	
31	32	33	34	35	 	


Action: NORTH
1	2	3	4	5	6	
7	8	9	10	11	12	
13	14	15	22	17	18	
19	20	21	16	29	23	
25	26	27	28	30	 	
31	32	33	34	35	24	


Action: WEST
1	2	3	4	5	6	
7	8	9	10	11	12	
13	14	15	22	17	18	
19	20	21	16	29	23	
25	26	27	28	 	30	
31	32	33	34	35	24	


Action: NORTH
1	2	3	4	5	6	
7	8	9	10	11	12	
13	14	15	22	17	18	
19	20	21	16	 	23	
25	26	27	28	29	30	
31	32	33	34	35	24	


Action: EAST
1	2	3	4	5	6	
7	8	9	10	11	12	
13	14	15	22	17	18	
19	20	21	16	23	 	
25	26	27	28	29	30	
31	32	33	34	35	24	


Action: NORTH
1	2	3	4	5	6	
7	8	9	10	11	12	
13	14	15	22	17	 	
19	20	21	16	23	18	
25	26	27	28	29	30	
31	32	33	34	35	24	


Action: WEST
1	2	3	4	5	6	
7	8	9	10	11	12	
13	14	15	22	 	17	
19	20	21	16	23	18	
25	26	27	28	29	30	
31	32	33	34	35	24	


Action: WEST
1	2	3	4	5	6	
7	8	9	10	11	12	
13	14	15	 	22	17	
19	20	21	16	23	18	
25	26	27	28	29	30	
31	32	33	34	35	24	


Action: SOUTH
1	2	3	4	5	6	
7	8	9	10	11	12	
13	14	15	16	22	17	
19	20	21	 	23	18	
25	26	27	28	29	30	
31	32	33	34	35	24	


Action: EAST
1	2	3	4	5	6	
7	8	9	10	11	12	
13	14	15	16	22	17	
19	20	21	23	 	18	
25	26	27	28	29	30	
31	32	33	34	35	24	


Action: NORTH
1	2	3	4	5	6	
7	8	9	10	11	12	
13	14	15	16	 	17	
19	20	21	23	22	18	
25	26	27	28	29	30	
31	32	33	34	35	24	


Action: EAST
1	2	3	4	5	6	
7	8	9	10	11	12	
13	14	15	16	17	 	
19	20	21	23	22	18	
25	26	27	28	29	30	
31	32	33	34	35	24	


Action: SOUTH
1	2	3	4	5	6	
7	8	9	10	11	12	
13	14	15	16	17	18	
19	20	21	23	22	 	
25	26	27	28	29	30	
31	32	33	34	35	24	


Action: SOUTH
1	2	3	4	5	6	
7	8	9	10	11	12	
13	14	15	16	17	18	
19	20	21	23	22	30	
25	26	27	28	29	 	
31	32	33	34	35	24	


Action: SOUTH
1	2	3	4	5	6	
7	8	9	10	11	12	
13	14	15	16	17	18	
19	20	21	23	22	30	
25	26	27	28	29	24	
31	32	33	34	35	 	


Action: WEST
1	2	3	4	5	6	
7	8	9	10	11	12	
13	14	15	16	17	18	
19	20	21	23	22	30	
25	26	27	28	29	24	
31	32	33	34	 	35	


Action: NORTH
1	2	3	4	5	6	
7	8	9	10	11	12	
13	14	15	16	17	18	
19	20	21	23	22	30	
25	26	27	28	 	24	
31	32	33	34	29	35	


Action: EAST
1	2	3	4	5	6	
7	8	9	10	11	12	
13	14	15	16	17	18	
19	20	21	23	22	30	
25	26	27	28	24	 	
31	32	33	34	29	35	


Action: NORTH
1	2	3	4	5	6	
7	8	9	10	11	12	
13	14	15	16	17	18	
19	20	21	23	22	 	
25	26	27	28	24	30	
31	32	33	34	29	35	


Action: WEST
1	2	3	4	5	6	
7	8	9	10	11	12	
13	14	15	16	17	18	
19	20	21	23	 	22	
25	26	27	28	24	30	
31	32	33	34	29	35	


Action: SOUTH
1	2	3	4	5	6	
7	8	9	10	11	12	
13	14	15	16	17	18	
19	20	21	23	24	22	
25	26	27	28	 	30	
31	32	33	34	29	35	


Action: SOUTH
1	2	3	4	5	6	
7	8	9	10	11	12	
13	14	15	16	17	18	
19	20	21	23	24	22	
25	26	27	28	29	30	
31	32	33	34	 	35	


Action: EAST
1	2	3	4	5	6	
7	8	9	10	11	12	
13	14	15	16	17	18	
19	20	21	23	24	22	
25	26	27	28	29	30	
31	32	33	34	35	 	


Action: NORTH
1	2	3	4	5	6	
7	8	9	10	11	12	
13	14	15	16	17	18	
19	20	21	23	24	22	
25	26	27	28	29	 	
31	32	33	34	35	30	


Action: NORTH
1	2	3	4	5	6	
7	8	9	10	11	12	
13	14	15	16	17	18	
19	20	21	23	24	 	
25	26	27	28	29	22	
31	32	33	34	35	30	


Action: WEST
1	2	3	4	5	6	
7	8	9	10	11	12	
13	14	15	16	17	18	
19	20	21	23	 	24	
25	26	27	28	29	22	
31	32	33	34	35	30	


Action: SOUTH
1	2	3	4	5	6	
7	8	9	10	11	12	
13	14	15	16	17	18	
19	20	21	23	29	24	
25	26	27	28	 	22	
31	32	33	34	35	30	


Action: EAST
1	2	3	4	5	6	
7	8	9	10	11	12	
13	14	15	16	17	18	
19	20	21	23	29	24	
25	26	27	28	22	 	
31	32	33	34	35	30	


Action: SOUTH
1	2	3	4	5	6	
7	8	9	10	11	12	
13	14	15	16	17	18	
19	20	21	23	29	24	
25	26	27	28	22	30	
31	32	33	34	35	 	


Action: WEST
1	2	3	4	5	6	
7	8	9	10	11	12	
13	14	15	16	17	18	
19	20	21	23	29	24	
25	26	27	28	22	30	
31	32	33	34	 	35	


Action: NORTH
1	2	3	4	5	6	
7	8	9	10	11	12	
13	14	15	16	17	18	
19	20	21	23	29	24	
25	26	27	28	 	30	
31	32	33	34	22	35	


Action: NORTH
1	2	3	4	5	6	
7	8	9	10	11	12	
13	14	15	16	17	18	
19	20	21	23	 	24	
25	26	27	28	29	30	
31	32	33	34	22	35	


Action: WEST
1	2	3	4	5	6	
7	8	9	10	11	12	
13	14	15	16	17	18	
19	20	21	 	23	24	
25	26	27	28	29	30	
31	32	33	34	22	35	


Action: SOUTH
1	2	3	4	5	6	
7	8	9	10	11	12	
13	14	15	16	17	18	
19	20	21	28	23	24	
25	26	27	 	29	30	
31	32	33	34	22	35	


Action: SOUTH
1	2	3	4	5	6	
7	8	9	10	11	12	
13	14	15	16	17	18	
19	20	21	28	23	24	
25	26	27	34	29	30	
31	32	33	 	22	35	


Action: EAST
1	2	3	4	5	6	
7	8	9	10	11	12	
13	14	15	16	17	18	
19	20	21	28	23	24	
25	26	27	34	29	30	
31	32	33	22	 	35	


Action: EAST
1	2	3	4	5	6	
7	8	9	10	11	12	
13	14	15	16	17	18	
19	20	21	28	23	24	
25	26	27	34	29	30	
31	32	33	22	35	 	


Action: NORTH
1	2	3	4	5	6	
7	8	9	10	11	12	
13	14	15	16	17	18	
19	20	21	28	23	24	
25	26	27	34	29	 	
31	32	33	22	35	30	


Action: WEST
1	2	3	4	5	6	
7	8	9	10	11	12	
13	14	15	16	17	18	
19	20	21	28	23	24	
25	26	27	34	 	29	
31	32	33	22	35	30	


Action: WEST
1	2	3	4	5	6	
7	8	9	10	11	12	
13	14	15	16	17	18	
19	20	21	28	23	24	
25	26	27	 	34	29	
31	32	33	22	35	30	


Action: SOUTH
1	2	3	4	5	6	
7	8	9	10	11	12	
13	14	15	16	17	18	
19	20	21	28	23	24	
25	26	27	22	34	29	
31	32	33	 	35	30	


Action: EAST
1	2	3	4	5	6	
7	8	9	10	11	12	
13	14	15	16	17	18	
19	20	21	28	23	24	
25	26	27	22	34	29	
31	32	33	35	 	30	


Action: NORTH
1	2	3	4	5	6	
7	8	9	10	11	12	
13	14	15	16	17	18	
19	20	21	28	23	24	
25	26	27	22	 	29	
31	32	33	35	34	30	


Action: EAST
1	2	3	4	5	6	
7	8	9	10	11	12	
13	14	15	16	17	18	
19	20	21	28	23	24	
25	26	27	22	29	 	
31	32	33	35	34	30	


Action: SOUTH
1	2	3	4	5	6	
7	8	9	10	11	12	
13	14	15	16	17	18	
19	20	21	28	23	24	
25	26	27	22	29	30	
31	32	33	35	34	 	


Action: WEST
1	2	3	4	5	6	
7	8	9	10	11	12	
13	14	15	16	17	18	
19	20	21	28	23	24	
25	26	27	22	29	30	
31	32	33	35	 	34	


Action: NORTH
1	2	3	4	5	6	
7	8	9	10	11	12	
13	14	15	16	17	18	
19	20	21	28	23	24	
25	26	27	22	 	30	
31	32	33	35	29	34	


Action: WEST
1	2	3	4	5	6	
7	8	9	10	11	12	
13	14	15	16	17	18	
19	20	21	28	23	24	
25	26	27	 	22	30	
31	32	33	35	29	34	


Action: NORTH
1	2	3	4	5	6	
7	8	9	10	11	12	
13	14	15	16	17	18	
19	20	21	 	23	24	
25	26	27	28	22	30	
31	32	33	35	29	34	


Action: EAST
1	2	3	4	5	6	
7	8	9	10	11	12	
13	14	15	16	17	18	
19	20	21	23	 	24	
25	26	27	28	22	30	
31	32	33	35	29	34	


Action: SOUTH
1	2	3	4	5	6	
7	8	9	10	11	12	
13	14	15	16	17	18	
19	20	21	23	22	24	
25	26	27	28	 	30	
31	32	33	35	29	34	


Action: SOUTH
1	2	3	4	5	6	
7	8	9	10	11	12	
13	14	15	16	17	18	
19	20	21	23	22	24	
25	26	27	28	29	30	
31	32	33	35	 	34	


Action: WEST
1	2	3	4	5	6	
7	8	9	10	11	12	
13	14	15	16	17	18	
19	20	21	23	22	24	
25	26	27	28	29	30	
31	32	33	 	35	34	


Action: NORTH
1	2	3	4	5	6	
7	8	9	10	11	12	
13	14	15	16	17	18	
19	20	21	23	22	24	
25	26	27	 	29	30	
31	32	33	28	35	34	


Action: NORTH
1	2	3	4	5	6	
7	8	9	10	11	12	
13	14	15	16	17	18	
19	20	21	 	22	24	
25	26	27	23	29	30	
31	32	33	28	35	34	


Action: EAST
1	2	3	4	5	6	
7	8	9	10	11	12	
13	14	15	16	17	18	
19	20	21	22	 	24	
25	26	27	23	29	30	
31	32	33	28	35	34	


Action: SOUTH
1	2	3	4	5	6	
7	8	9	10	11	12	
13	14	15	16	17	18	
19	20	21	22	29	24	
25	26	27	23	 	30	
31	32	33	28	35	34	


Action: WEST
1	2	3	4	5	6	
7	8	9	10	11	12	
13	14	15	16	17	18	
19	20	21	22	29	24	
25	26	27	 	23	30	
31	32	33	28	35	34	


Action: SOUTH
1	2	3	4	5	6	
7	8	9	10	11	12	
13	14	15	16	17	18	
19	20	21	22	29	24	
25	26	27	28	23	30	
31	32	33	 	35	34	


Action: EAST
1	2	3	4	5	6	
7	8	9	10	11	12	
13	14	15	16	17	18	
19	20	21	22	29	24	
25	26	27	28	23	30	
31	32	33	35	 	34	


Action: EAST
1	2	3	4	5	6	
7	8	9	10	11	12	
13	14	15	16	17	18	
19	20	21	22	29	24	
25	26	27	28	23	30	
31	32	33	35	34	 	


Action: NORTH
1	2	3	4	5	6	
7	8	9	10	11	12	
13	14	15	16	17	18	
19	20	21	22	29	24	
25	26	27	28	23	 	
31	32	33	35	34	30	


Action: WEST
1	2	3	4	5	6	
7	8	9	10	11	12	
13	14	15	16	17	18	
19	20	21	22	29	24	
25	26	27	28	 	23	
31	32	33	35	34	30	


Action: NORTH
1	2	3	4	5	6	
7	8	9	10	11	12	
13	14	15	16	17	18	
19	20	21	22	 	24	
25	26	27	28	29	23	
31	32	33	35	34	30	


Action: EAST
1	2	3	4	5	6	
7	8	9	10	11	12	
13	14	15	16	17	18	
19	20	21	22	24	 	
25	26	27	28	29	23	
31	32	33	35	34	30	


Action: SOUTH
1	2	3	4	5	6	
7	8	9	10	11	12	
13	14	15	16	17	18	
19	20	21	22	24	23	
25	26	27	28	29	 	
31	32	33	35	34	30	


Action: SOUTH
1	2	3	4	5	6	
7	8	9	10	11	12	
13	14	15	16	17	18	
19	20	21	22	24	23	
25	26	27	28	29	30	
31	32	33	35	34	 	


Action: WEST
1	2	3	4	5	6	
7	8	9	10	11	12	
13	14	15	16	17	18	
19	20	21	22	24	23	
25	26	27	28	29	30	
31	32	33	35	 	34	


Action: NORTH
1	2	3	4	5	6	
7	8	9	10	11	12	
13	14	15	16	17	18	
19	20	21	22	24	23	
25	26	27	28	 	30	
31	32	33	35	29	34	


Action: NORTH
1	2	3	4	5	6	
7	8	9	10	11	12	
13	14	15	16	17	18	
19	20	21	22	 	23	
25	26	27	28	24	30	
31	32	33	35	29	34	


Action: EAST
1	2	3	4	5	6	
7	8	9	10	11	12	
13	14	15	16	17	18	
19	20	21	22	23	 	
25	26	27	28	24	30	
31	32	33	35	29	34	


Action: SOUTH
1	2	3	4	5	6	
7	8	9	10	11	12	
13	14	15	16	17	18	
19	20	21	22	23	30	
25	26	27	28	24	 	
31	32	33	35	29	34	


Action: WEST
1	2	3	4	5	6	
7	8	9	10	11	12	
13	14	15	16	17	18	
19	20	21	22	23	30	
25	26	27	28	 	24	
31	32	33	35	29	34	


Action: SOUTH
1	2	3	4	5	6	
7	8	9	10	11	12	
13	14	15	16	17	18	
19	20	21	22	23	30	
25	26	27	28	29	24	
31	32	33	35	 	34	


Action: EAST
1	2	3	4	5	6	
7	8	9	10	11	12	
13	14	15	16	17	18	
19	20	21	22	23	30	
25	26	27	28	29	24	
31	32	33	35	34	 	


Action: NORTH
1	2	3	4	5	6	
7	8	9	10	11	12	
13	14	15	16	17	18	
19	20	21	22	23	30	
25	26	27	28	29	 	
31	32	33	35	34	24	


Action: NORTH
1	2	3	4	5	6	
7	8	9	10	11	12	
13	14	15	16	17	18	
19	20	21	22	23	 	
25	26	27	28	29	30	
31	32	33	35	34	24	


Action: WEST
1	2	3	4	5	6	
7	8	9	10	11	12	
13	14	15	16	17	18	
19	20	21	22	 	23	
25	26	27	28	29	30	
31	32	33	35	34	24	


Action: SOUTH
1	2	3	4	5	6	
7	8	9	10	11	12	
13	14	15	16	17	18	
19	20	21	22	29	23	
25	26	27	28	 	30	
31	32	33	35	34	24	


Action: SOUTH
1	2	3	4	5	6	
7	8	9	10	11	12	
13	14	15	16	17	18	
19	20	21	22	29	23	
25	26	27	28	34	30	
31	32	33	35	 	24	


Action: WEST
1	2	3	4	5	6	
7	8	9	10	11	12	
13	14	15	16	17	18	
19	20	21	22	29	23	
25	26	27	28	34	30	
31	32	33	 	35	24	


Action: NORTH
1	2	3	4	5	6	
7	8	9	10	11	12	
13	14	15	16	17	18	
19	20	21	22	29	23	
25	26	27	 	34	30	
31	32	33	28	35	24	


Action: EAST
1	2	3	4	5	6	
7	8	9	10	11	12	
13	14	15	16	17	18	
19	20	21	22	29	23	
25	26	27	34	 	30	
31	32	33	28	35	24	


Action: NORTH
1	2	3	4	5	6	
7	8	9	10	11	12	
13	14	15	16	17	18	
19	20	21	22	 	23	
25	26	27	34	29	30	
31	32	33	28	35	24	


Action: EAST
1	2	3	4	5	6	
7	8	9	10	11	12	
13	14	15	16	17	18	
19	20	21	22	23	 	
25	26	27	34	29	30	
31	32	33	28	35	24	


Action: SOUTH
1	2	3	4	5	6	
7	8	9	10	11	12	
13	14	15	16	17	18	
19	20	21	22	23	30	
25	26	27	34	29	 	
31	32	33	28	35	24	


Action: SOUTH
1	2	3	4	5	6	
7	8	9	10	11	12	
13	14	15	16	17	18	
19	20	21	22	23	30	
25	26	27	34	29	24	
31	32	33	28	35	 	


Action: WEST
1	2	3	4	5	6	
7	8	9	10	11	12	
13	14	15	16	17	18	
19	20	21	22	23	30	
25	26	27	34	29	24	
31	32	33	28	 	35	


Action: WEST
1	2	3	4	5	6	
7	8	9	10	11	12	
13	14	15	16	17	18	
19	20	21	22	23	30	
25	26	27	34	29	24	
31	32	33	 	28	35	


Action: NORTH
1	2	3	4	5	6	
7	8	9	10	11	12	
13	14	15	16	17	18	
19	20	21	22	23	30	
25	26	27	 	29	24	
31	32	33	34	28	35	


Action: EAST
1	2	3	4	5	6	
7	8	9	10	11	12	
13	14	15	16	17	18	
19	20	21	22	23	30	
25	26	27	29	 	24	
31	32	33	34	28	35	


Action: EAST
1	2	3	4	5	6	
7	8	9	10	11	12	
13	14	15	16	17	18	
19	20	21	22	23	30	
25	26	27	29	24	 	
31	32	33	34	28	35	


Action: NORTH
1	2	3	4	5	6	
7	8	9	10	11	12	
13	14	15	16	17	18	
19	20	21	22	23	 	
25	26	27	29	24	30	
31	32	33	34	28	35	


Action: WEST
1	2	3	4	5	6	
7	8	9	10	11	12	
13	14	15	16	17	18	
19	20	21	22	 	23	
25	26	27	29	24	30	
31	32	33	34	28	35	


Action: SOUTH
1	2	3	4	5	6	
7	8	9	10	11	12	
13	14	15	16	17	18	
19	20	21	22	24	23	
25	26	27	29	 	30	
31	32	33	34	28	35	


Action: WEST
1	2	3	4	5	6	
7	8	9	10	11	12	
13	14	15	16	17	18	
19	20	21	22	24	23	
25	26	27	 	29	30	
31	32	33	34	28	35	


Action: SOUTH
1	2	3	4	5	6	
7	8	9	10	11	12	
13	14	15	16	17	18	
19	20	21	22	24	23	
25	26	27	34	29	30	
31	32	33	 	28	35	


Action: EAST
1	2	3	4	5	6	
7	8	9	10	11	12	
13	14	15	16	17	18	
19	20	21	22	24	23	
25	26	27	34	29	30	
31	32	33	28	 	35	


Action: EAST
1	2	3	4	5	6	
7	8	9	10	11	12	
13	14	15	16	17	18	
19	20	21	22	24	23	
25	26	27	34	29	30	
31	32	33	28	35	 	


Action: NORTH
1	2	3	4	5	6	
7	8	9	10	11	12	
13	14	15	16	17	18	
19	20	21	22	24	23	
25	26	27	34	29	 	
31	32	33	28	35	30	


Action: NORTH
1	2	3	4	5	6	
7	8	9	10	11	12	
13	14	15	16	17	18	
19	20	21	22	24	 	
25	26	27	34	29	23	
31	32	33	28	35	30	


Action: WEST
1	2	3	4	5	6	
7	8	9	10	11	12	
13	14	15	16	17	18	
19	20	21	22	 	24	
25	26	27	34	29	23	
31	32	33	28	35	30	


Action: SOUTH
1	2	3	4	5	6	
7	8	9	10	11	12	
13	14	15	16	17	18	
19	20	21	22	29	24	
25	26	27	34	 	23	
31	32	33	28	35	30	


Action: EAST
1	2	3	4	5	6	
7	8	9	10	11	12	
13	14	15	16	17	18	
19	20	21	22	29	24	
25	26	27	34	23	 	
31	32	33	28	35	30	


Action: SOUTH
1	2	3	4	5	6	
7	8	9	10	11	12	
13	14	15	16	17	18	
19	20	21	22	29	24	
25	26	27	34	23	30	
31	32	33	28	35	 	


Action: WEST
1	2	3	4	5	6	
7	8	9	10	11	12	
13	14	15	16	17	18	
19	20	21	22	29	24	
25	26	27	34	23	30	
31	32	33	28	 	35	


Action: WEST
1	2	3	4	5	6	
7	8	9	10	11	12	
13	14	15	16	17	18	
19	20	21	22	29	24	
25	26	27	34	23	30	
31	32	33	 	28	35	


Action: NORTH
1	2	3	4	5	6	
7	8	9	10	11	12	
13	14	15	16	17	18	
19	20	21	22	29	24	
25	26	27	 	23	30	
31	32	33	34	28	35	


Action: EAST
1	2	3	4	5	6	
7	8	9	10	11	12	
13	14	15	16	17	18	
19	20	21	22	29	24	
25	26	27	23	 	30	
31	32	33	34	28	35	


Action: SOUTH
1	2	3	4	5	6	
7	8	9	10	11	12	
13	14	15	16	17	18	
19	20	21	22	29	24	
25	26	27	23	28	30	
31	32	33	34	 	35	


Action: WEST
1	2	3	4	5	6	
7	8	9	10	11	12	
13	14	15	16	17	18	
19	20	21	22	29	24	
25	26	27	23	28	30	
31	32	33	 	34	35	


Action: NORTH
1	2	3	4	5	6	
7	8	9	10	11	12	
13	14	15	16	17	18	
19	20	21	22	29	24	
25	26	27	 	28	30	
31	32	33	23	34	35	


Action: EAST
1	2	3	4	5	6	
7	8	9	10	11	12	
13	14	15	16	17	18	
19	20	21	22	29	24	
25	26	27	28	 	30	
31	32	33	23	34	35	


Action: NORTH
1	2	3	4	5	6	
7	8	9	10	11	12	
13	14	15	16	17	18	
19	20	21	22	 	24	
25	26	27	28	29	30	
31	32	33	23	34	35	


Action: WEST
1	2	3	4	5	6	
7	8	9	10	11	12	
13	14	15	16	17	18	
19	20	21	 	22	24	
25	26	27	28	29	30	
31	32	33	23	34	35	


Action: SOUTH
1	2	3	4	5	6	
7	8	9	10	11	12	
13	14	15	16	17	18	
19	20	21	28	22	24	
25	26	27	 	29	30	
31	32	33	23	34	35	


Action: SOUTH
1	2	3	4	5	6	
7	8	9	10	11	12	
13	14	15	16	17	18	
19	20	21	28	22	24	
25	26	27	23	29	30	
31	32	33	 	34	35	


Action: EAST
1	2	3	4	5	6	
7	8	9	10	11	12	
13	14	15	16	17	18	
19	20	21	28	22	24	
25	26	27	23	29	30	
31	32	33	34	 	35	


Action: NORTH
1	2	3	4	5	6	
7	8	9	10	11	12	
13	14	15	16	17	18	
19	20	21	28	22	24	
25	26	27	23	 	30	
31	32	33	34	29	35	


Action: WEST
1	2	3	4	5	6	
7	8	9	10	11	12	
13	14	15	16	17	18	
19	20	21	28	22	24	
25	26	27	 	23	30	
31	32	33	34	29	35	


Action: NORTH
1	2	3	4	5	6	
7	8	9	10	11	12	
13	14	15	16	17	18	
19	20	21	 	22	24	
25	26	27	28	23	30	
31	32	33	34	29	35	


Action: EAST
1	2	3	4	5	6	
7	8	9	10	11	12	
13	14	15	16	17	18	
19	20	21	22	 	24	
25	26	27	28	23	30	
31	32	33	34	29	35	


Action: SOUTH
1	2	3	4	5	6	
7	8	9	10	11	12	
13	14	15	16	17	18	
19	20	21	22	23	24	
25	26	27	28	 	30	
31	32	33	34	29	35	


Action: SOUTH
1	2	3	4	5	6	
7	8	9	10	11	12	
13	14	15	16	17	18	
19	20	21	22	23	24	
25	26	27	28	29	30	
31	32	33	34	 	35	


Action: EAST
1	2	3	4	5	6	
7	8	9	10	11	12	
13	14	15	16	17	18	
19	20	21	22	23	24	
25	26	27	28	29	30	
31	32	33	34	35	 	


