Goal State: 
1	2	3	4	5	
6	7	8	9	10	
11	12	13	14	15	
16	17	18	19	20	
21	22	23	24	 	

Initial State:
1	2	3	4	5	
6	7	 	8	10	
11	14	15	9	19	
16	12	23	13	18	
21	17	22	24	20	

Solution Found
Nodes Expanded: 211
Depth: 211
EAST, SOUTH, SOUTH, EAST, SOUTH, WEST, WEST, NORTH, EAST, SOUTH, EAST, NORTH, NORTH, WEST, WEST, WEST, SOUTH, SOUTH, EAST, EAST, NORTH, EAST, NORTH, WEST, WEST, SOUTH, EAST, EAST, SOUTH, WEST, NORTH, WEST, NORTH, EAST, SOUTH, SOUTH, WEST, WEST, NORTH, EAST, EAST, NORTH, WEST, SOUTH, WEST, SOUTH, EAST, EAST, EAST, NORTH, WEST, SOUTH, WEST, WEST, NORTH, EAST, EAST, EAST, SOUTH, WEST, WEST, NORTH, WEST, SOUTH, EAST, EAST, EAST, 
Processing Solution....

Action: EAST
1	2	3	4	5	
6	7	8	 	10	
11	14	15	9	19	
16	12	23	13	18	
21	17	22	24	20	


Action: SOUTH
1	2	3	4	5	
6	7	8	9	10	
11	14	15	 	19	
16	12	23	13	18	
21	17	22	24	20	


Action: SOUTH
1	2	3	4	5	
6	7	8	9	10	
11	14	15	13	19	
16	12	23	 	18	
21	17	22	24	20	


Action: EAST
1	2	3	4	5	
6	7	8	9	10	
11	14	15	13	19	
16	12	23	18	 	
21	17	22	24	20	


Action: SOUTH
1	2	3	4	5	
6	7	8	9	10	
11	14	15	13	19	
16	12	23	18	20	
21	17	22	24	 	


Action: WEST
1	2	3	4	5	
6	7	8	9	10	
11	14	15	13	19	
16	12	23	18	20	
21	17	22	 	24	


Action: WEST
1	2	3	4	5	
6	7	8	9	10	
11	14	15	13	19	
16	12	23	18	20	
21	17	 	22	24	


Action: NORTH
1	2	3	4	5	
6	7	8	9	10	
11	14	15	13	19	
16	12	 	18	20	
21	17	23	22	24	


Action: EAST
1	2	3	4	5	
6	7	8	9	10	
11	14	15	13	19	
16	12	18	 	20	
21	17	23	22	24	


Action: SOUTH
1	2	3	4	5	
6	7	8	9	10	
11	14	15	13	19	
16	12	18	22	20	
21	17	23	 	24	


Action: EAST
1	2	3	4	5	
6	7	8	9	10	
11	14	15	13	19	
16	12	18	22	20	
21	17	23	24	 	


Action: NORTH
1	2	3	4	5	
6	7	8	9	10	
11	14	15	13	19	
16	12	18	22	 	
21	17	23	24	20	


Action: NORTH
1	2	3	4	5	
6	7	8	9	10	
11	14	15	13	 	
16	12	18	22	19	
21	17	23	24	20	


Action: WEST
1	2	3	4	5	
6	7	8	9	10	
11	14	15	 	13	
16	12	18	22	19	
21	17	23	24	20	


Action: WEST
1	2	3	4	5	
6	7	8	9	10	
11	14	 	15	13	
16	12	18	22	19	
21	17	23	24	20	


Action: WEST
1	2	3	4	5	
6	7	8	9	10	
11	 	14	15	13	
16	12	18	22	19	
21	17	23	24	20	


Action: SOUTH
1	2	3	4	5	
6	7	8	9	10	
11	12	14	15	13	
16	 	18	22	19	
21	17	23	24	20	


Action: SOUTH
1	2	3	4	5	
6	7	8	9	10	
11	12	14	15	13	
16	17	18	22	19	
21	 	23	24	20	


Action: EAST
1	2	3	4	5	
6	7	8	9	10	
11	12	14	15	13	
16	17	18	22	19	
21	23	 	24	20	


Action: EAST
1	2	3	4	5	
6	7	8	9	10	
11	12	14	15	13	
16	17	18	22	19	
21	23	24	 	20	


Action: NORTH
1	2	3	4	5	
6	7	8	9	10	
11	12	14	15	13	
16	17	18	 	19	
21	23	24	22	20	


Action: EAST
1	2	3	4	5	
6	7	8	9	10	
11	12	14	15	13	
16	17	18	19	 	
21	23	24	22	20	


Action: NORTH
1	2	3	4	5	
6	7	8	9	10	
11	12	14	15	 	
16	17	18	19	13	
21	23	24	22	20	


Action: WEST
1	2	3	4	5	
6	7	8	9	10	
11	12	14	 	15	
16	17	18	19	13	
21	23	24	22	20	


Action: WEST
1	2	3	4	5	
6	7	8	9	10	
11	12	 	14	15	
16	17	18	19	13	
21	23	24	22	20	


Action: SOUTH
1	2	3	4	5	
6	7	8	9	10	
11	12	18	14	15	
16	17	 	19	13	
21	23	24	22	20	


Action: EAST
1	2	3	4	5	
6	7	8	9	10	
11	12	18	14	15	
16	17	19	 	13	
21	23	24	22	20	


Action: EAST
1	2	3	4	5	
6	7	8	9	10	
11	12	18	14	15	
16	17	19	13	 	
21	23	24	22	20	


Action: SOUTH
1	2	3	4	5	
6	7	8	9	10	
11	12	18	14	15	
16	17	19	13	20	
21	23	24	22	 	


Action: WEST
1	2	3	4	5	
6	7	8	9	10	
11	12	18	14	15	
16	17	19	13	20	
21	23	24	 	22	


Action: NORTH
1	2	3	4	5	
6	7	8	9	10	
11	12	18	14	15	
16	17	19	 	20	
21	23	24	13	22	


Action: WEST
1	2	3	4	5	
6	7	8	9	10	
11	12	18	14	15	
16	17	 	19	20	
21	23	24	13	22	


Action: NORTH
1	2	3	4	5	
6	7	8	9	10	
11	12	 	14	15	
16	17	18	19	20	
21	23	24	13	22	


Action: EAST
1	2	3	4	5	
6	7	8	9	10	
11	12	14	 	15	
16	17	18	19	20	
21	23	24	13	22	


Action: SOUTH
1	2	3	4	5	
6	7	8	9	10	
11	12	14	19	15	
16	17	18	 	20	
21	23	24	13	22	


Action: SOUTH
1	2	3	4	5	
6	7	8	9	10	
11	12	14	19	15	
16	17	18	13	20	
21	23	24	 	22	


Action: WEST
1	2	3	4	5	
6	7	8	9	10	
11	12	14	19	15	
16	17	18	13	20	
21	23	 	24	22	


Action: WEST
1	2	3	4	5	
6	7	8	9	10	
11	12	14	19	15	
16	17	18	13	20	
21	 	23	24	22	


Action: NORTH
1	2	3	4	5	
6	7	8	9	10	
11	12	14	19	15	
16	 	18	13	20	
21	17	23	24	22	


Action: EAST
1	2	3	4	5	
6	7	8	9	10	
11	12	14	19	15	
16	18	 	13	20	
21	17	23	24	22	


Action: EAST
1	2	3	4	5	
6	7	8	9	10	
11	12	14	19	15	
16	18	13	 	20	
21	17	23	24	22	


Action: NORTH
1	2	3	4	5	
6	7	8	9	10	
11	12	14	 	15	
16	18	13	19	20	
21	17	23	24	22	


Action: WEST
1	2	3	4	5	
6	7	8	9	10	
11	12	 	14	15	
16	18	13	19	20	
21	17	23	24	22	


Action: SOUTH
1	2	3	4	5	
6	7	8	9	10	
11	12	13	14	15	
16	18	 	19	20	
21	17	23	24	22	


Action: WEST
1	2	3	4	5	
6	7	8	9	10	
11	12	13	14	15	
16	 	18	19	20	
21	17	23	24	22	


Action: SOUTH
1	2	3	4	5	
6	7	8	9	10	
11	12	13	14	15	
16	17	18	19	20	
21	 	23	24	22	


Action: EAST
1	2	3	4	5	
6	7	8	9	10	
11	12	13	14	15	
16	17	18	19	20	
21	23	 	24	22	


Action: EAST
1	2	3	4	5	
6	7	8	9	10	
11	12	13	14	15	
16	17	18	19	20	
21	23	24	 	22	


Action: EAST
1	2	3	4	5	
6	7	8	9	10	
11	12	13	14	15	
16	17	18	19	20	
21	23	24	22	 	


Action: NORTH
1	2	3	4	5	
6	7	8	9	10	
11	12	13	14	15	
16	17	18	19	 	
21	23	24	22	20	


Action: WEST
1	2	3	4	5	
6	7	8	9	10	
11	12	13	14	15	
16	17	18	 	19	
21	23	24	22	20	


Action: SOUTH
1	2	3	4	5	
6	7	8	9	10	
11	12	13	14	15	
16	17	18	22	19	
21	23	24	 	20	


Action: WEST
1	2	3	4	5	
6	7	8	9	10	
11	12	13	14	15	
16	17	18	22	19	
21	23	 	24	20	


Action: WEST
1	2	3	4	5	
6	7	8	9	10	
11	12	13	14	15	
16	17	18	22	19	
21	 	23	24	20	


Action: NORTH
1	2	3	4	5	
6	7	8	9	10	
11	12	13	14	15	
16	 	18	22	19	
21	17	23	24	20	


Action: EAST
1	2	3	4	5	
6	7	8	9	10	
11	12	13	14	15	
16	18	 	22	19	
21	17	23	24	20	


Action: EAST
1	2	3	4	5	
6	7	8	9	10	
11	12	13	14	15	
16	18	22	 	19	
21	17	23	24	20	


Action: EAST
1	2	3	4	5	
6	7	8	9	10	
11	12	13	14	15	
16	18	22	19	 	
21	17	23	24	20	


Action: SOUTH
1	2	3	4	5	
6	7	8	9	10	
11	12	13	14	15	
16	18	22	19	20	
21	17	23	24	 	


Action: WEST
1	2	3	4	5	
6	7	8	9	10	
11	12	13	14	15	
16	18	22	19	20	
21	17	23	 	24	


Action: WEST
1	2	3	4	5	
6	7	8	9	10	
11	12	13	14	15	
16	18	22	19	20	
21	17	 	23	24	


Action: NORTH
1	2	3	4	5	
6	7	8	9	10	
11	12	13	14	15	
16	18	 	19	20	
21	17	22	23	24	


Action: WEST
1	2	3	4	5	
6	7	8	9	10	
11	12	13	14	15	
16	 	18	19	20	
21	17	22	23	24	


Action: SOUTH
1	2	3	4	5	
6	7	8	9	10	
11	12	13	14	15	
16	17	18	19	20	
21	 	22	23	24	


Action: EAST
1	2	3	4	5	
6	7	8	9	10	
11	12	13	14	15	
16	17	18	19	20	
21	22	 	23	24	


Action: EAST
1	2	3	4	5	
6	7	8	9	10	
11	12	13	14	15	
16	17	18	19	20	
21	22	23	 	24	


Action: EAST
1	2	3	4	5	
6	7	8	9	10	
11	12	13	14	15	
16	17	18	19	20	
21	22	23	24	 	


